0,544,320,0,32,64,
0,416,320,0,32,64,
0,352,320,0,32,64,
768,544,320,0,32,64,
768,480,320,0,32,64,
768,416,320,0,32,64,
768,352,320,0,32,64,
736,400,320,0,32,64,
736,464,320,0,32,64,
736,528,320,0,32,64,
704,464,320,0,32,64,
704,528,320,0,32,64,
672,528,320,0,32,64,
32,400,320,0,32,64,
32,528,320,0,32,64,
64,464,320,0,32,64,
64,528,320,0,32,64,
96,528,320,0,32,64,
128,560,320,0,32,32,
32,576,320,0,32,32,
64,576,320,0,32,32,
96,576,320,0,32,32,
128,576,320,0,32,32,
160,576,320,0,32,32,
160,560,320,0,32,32,
192,560,320,0,32,32,
192,576,320,0,32,32,
224,576,320,0,32,32,
224,560,320,0,32,32,
256,560,320,0,32,32,
256,576,320,0,32,32,
288,576,320,0,32,32,
288,560,320,0,32,32,
320,560,320,0,32,32,
320,576,320,0,32,32,
672,576,320,0,32,32,
736,576,320,0,32,32,
704,576,320,0,32,32,
640,576,320,0,32,32,
640,560,320,0,32,32,
624,560,320,0,32,32,
608,560,320,0,32,32,
608,576,320,0,32,32,
576,576,320,0,32,32,
576,560,320,0,32,32,
544,560,320,0,32,32,
544,576,320,0,32,32,
512,560,320,0,32,32,
512,576,320,0,32,32,
480,560,320,0,32,32,
480,576,320,0,32,32,
448,560,320,0,32,32,
448,576,320,0,32,32,
0,320,288,0,32,32,
96,496,288,0,32,32,
128,528,288,0,32,32,
192,528,288,0,32,32,
224,528,288,0,32,32,
288,528,288,0,32,32,
320,528,288,0,32,32,
480,528,288,0,32,32,
512,528,288,0,32,32,
608,528,288,0,32,32,
672,496,288,0,32,32,
736,368,288,0,32,32,
64,432,288,32,32,32,
64,400,288,32,32,32,
96,464,288,32,32,32,
160,528,288,32,32,32,
256,528,288,32,32,32,
448,528,288,32,32,32,
544,528,288,32,32,32,
576,528,288,32,32,32,
640,528,288,32,32,32,
704,432,288,32,32,32,
672,464,288,32,32,32,
704,400,288,32,32,32,
768,320,288,32,32,32,
736,336,288,32,32,32,
32,368,288,32,32,32,
32,336,288,32,32,32,
0,480,320,0,32,64,
32,464,320,0,32,64,
32,480,224,0,32,32,
736,528,224,0,32,32,
768,432,224,0,32,32,
448,560,224,0,32,32,
448,576,224,0,32,32,
320,560,256,32,32,32,
320,576,224,32,32,32,
32,512,256,32,32,32,
96,560,256,32,32,32,
704,544,256,32,32,32,
64,464,256,0,32,32,
704,464,256,0,32,32,
704,496,256,0,32,32,
32,448,256,0,32,32,
0,384,256,0,32,32,
16,560,256,0,32,32,
576,576,256,0,32,32,
496,560,256,0,32,32,
208,560,224,0,32,32,
272,576,224,0,32,32,
144,576,256,0,32,32,
160,560,256,0,32,32,
320,304,288,0,32,32,
320,336,288,0,32,32,
416,368,288,32,32,32,
448,336,288,32,32,32,
448,304,288,32,32,32,
288,304,288,32,32,32,
480,304,288,0,32,32,
416,336,320,0,32,32,
384,368,320,0,32,32,
384,336,320,0,32,32,
352,368,288,0,32,32,
352,336,224,32,64,32,
384,304,224,0,64,32,
352,304,288,32,32,32,
272,288,144,128,128,32,
400,288,160,128,128,32,
240,512,160,128,128,32,
96,448,240,128,48,32,
64,384,240,128,48,32,
32,320,240,128,48,32,
0,304,240,128,48,32,
656,448,144,128,48,32,
688,384,144,128,48,32,
720,320,144,128,48,32,
752,304,144,128,48,32,
432,512,144,128,128,32,
128,512,160,128,112,32,
560,512,160,128,112,32,
288,-32,608,64,64,64,
224,-32,608,64,64,64,
160,-32,608,64,64,64,
96,-32,608,64,64,64,
32,-32,608,64,64,64,
0,-32,608,64,32,64,
0,32,640,64,32,64,
0,96,640,64,32,64,
0,160,608,64,32,64,
448,-32,608,64,64,64,
512,-32,608,64,64,64,
576,-32,608,64,64,64,
640,-32,608,64,64,64,
704,-32,608,64,64,64,
768,-32,640,64,32,64,
768,32,640,64,32,64,
768,96,608,64,32,64,
768,160,640,64,32,64,
128,192,512,128,32,16,
160,192,512,128,32,16,
192,192,512,128,32,16,
640,192,512,128,32,16,
608,192,512,128,32,16,
576,192,512,128,32,16,
256,288,288,80,32,96,
256,384,288,96,32,80,
256,464,288,160,32,48,
320,96,544,112,32,32,
352,96,544,112,32,32,
384,96,544,112,32,32,
416,96,544,112,32,32,
448,96,544,112,32,32,
384,368,256,0,32,32,
224,192,512,128,32,16,
256,192,512,128,32,16,
288,192,512,128,32,16,
