40,760,16,16,1,
40,760,16,16,1,
400,384,96,32,1,
784,368,96,64,1,
768,432,128,64,1,
752,496,160,64,1,
640,584,384,112,1,
800,328,64,16,1,
160,584,384,112,1,
48,496,160,64,1,
32,432,128,64,1,
16,368,96,64,1,
0,328,64,16,1,
160,0,384,64,1,
640,0,384,64,1,
800,128,64,192,1,
624,200,96,16,1,
304,320,32,32,1,
336,320,32,32,1,
368,320,32,32,1,
400,320,32,32,1,
432,320,32,32,1,
464,320,32,32,1,
496,320,32,32,1,
0,48,64,32,1,
0,80,64,32,1,
0,112,64,32,1,
0,144,64,32,1,
0,176,64,32,1,
0,208,64,32,1,
400,352,160,32,2,
224,200,192,16,1,
400,120,160,16,1,
