288,274,400,80,96,64,
352,274,400,80,96,64,
352,306,400,80,96,64,
352,338,400,80,96,64,
400,306,400,80,96,64,
400,338,400,80,96,64,
400,370,400,80,96,64,
352,354,400,80,96,64,
304,320,400,80,96,64,
368,240,400,80,96,64,
336,384,400,80,96,64,
336,416,400,80,96,64,
320,448,400,80,96,64,
304,480,400,80,96,64,
304,512,400,80,96,64,
304,544,400,80,96,64,
304,576,400,80,96,64,
240,496,400,80,96,64,
192,480,400,80,96,64,
144,464,400,80,96,64,
112,432,400,80,96,64,
64,416,400,80,96,64,
80,464,400,80,96,64,
112,480,400,80,96,64,
144,496,400,80,96,64,
64,368,400,80,96,64,
48,400,400,80,96,64,
16,352,400,80,96,64,
0,320,400,80,96,64,
-16,288,400,80,96,64,
48,288,400,80,96,64,
336,208,400,80,96,64,
352,176,400,80,96,64,
336,176,400,80,96,64,
320,144,400,80,96,64,
320,112,400,80,96,64,
320,80,400,80,96,64,
384,80,400,80,96,64,
384,112,400,80,96,64,
384,144,400,80,96,64,
416,160,400,80,96,64,
384,208,400,80,96,64,
400,176,400,80,96,64,
432,80,400,80,96,64,
448,48,400,80,96,64,
464,16,400,80,96,64,
496,-16,400,80,96,64,
416,0,400,80,96,64,
384,32,400,80,96,64,
384,48,400,80,96,64,
432,16,400,80,96,64,
352,64,400,80,96,64,
336,32,400,80,96,64,
320,-16,400,80,96,64,
320,-16,400,80,96,64,
384,-16,400,80,96,64,
368,16,400,80,96,64,
336,16,400,80,96,64,
320,96,400,80,96,64,
288,64,400,80,96,64,
288,32,400,80,96,64,
256,16,400,80,96,64,
224,0,400,80,96,64,
208,0,400,80,96,64,
160,0,400,80,96,64,
64,0,400,80,96,64,
64,0,400,80,96,64,
112,0,400,80,96,64,
144,16,400,80,96,64,
16,0,400,80,96,64,
32,16,400,80,96,64,
-16,32,400,80,96,64,
288,0,400,80,96,64,
528,16,400,80,96,64,
592,16,400,80,96,64,
656,16,400,80,96,64,
736,96,400,80,96,64,
704,32,400,80,96,64,
720,64,400,80,96,64,
720,16,400,80,96,64,
368,480,400,80,96,64,
400,512,400,80,96,64,
400,560,400,80,96,64,
368,560,400,80,96,64,
352,512,400,80,96,64,
400,544,400,80,96,64,
368,544,400,80,96,64,
368,592,400,80,96,64,
432,496,400,80,96,64,
496,480,400,80,96,64,
512,496,400,80,96,64,
528,480,400,80,96,64,
592,432,400,80,96,64,
608,400,400,80,96,64,
656,368,400,80,96,64,
688,336,400,80,96,64,
704,304,400,80,96,64,
720,288,400,80,96,64,
736,288,400,80,96,64,
672,368,400,80,96,64,
624,336,400,80,96,64,
608,368,400,80,96,64,
640,432,400,80,96,64,
608,464,400,80,96,64,
592,496,400,80,96,64,
672,400,400,80,96,64,
304,352,400,80,96,64,
272,320,400,80,96,64,
256,256,400,80,96,64,
240,272,400,80,96,64,
224,288,400,80,96,64,
416,256,400,80,96,64,
448,304,400,80,96,64,
480,272,400,80,96,64,
320,240,400,80,96,64,
400,224,400,80,96,64,
-32,64,400,80,96,64,
-32,96,400,80,96,64,
-48,128,400,80,96,64,
